[42769.5463095486abccd.gotoftp2.com]
created=42769.5463095486
IP=abccd.gotoftp2.com
port=21
user=abccd
pass=66F8187D868EEE17
LoginType=1
options=3030333000033001103000010003333000001002000133203
Proxy=0
ID=391623C8

[42916.4383381597192.168.40.147]
created=42916.4383381597
IP=192.168.40.147
port=3721
user=anonymous
LoginType=0
options=3030333000033001103000010003333000001002000133203
Proxy=0
ID=241EF18B
